0.1758300435311422 
0.14566617777925797 
0.14566617829370798 
0.20666197365830966 
0.20666399121287365 
0.1483654738905909 
0.14836565162356716 
0.13765887685918024 
0.13765888120874434 
0.14742390458386667 
0.1474239056868311 
0.160369179052501 
0.16036918105173753 
0.1511253795916372 
0.15112538302444944 
0.1250091067890337 
0.12500910762722814 
0.14226024041515417 
0.14226023988475023 
0.1387979761133103 
0.13879797651232115 
0.14673425032479576 
0.14673425052849773 
0.15582264477529378 
0.15582264507572668 
0.12075344825988354 
0.12075344920678924 
0.15218175804968387 
0.15393613097226466 
0.17116741898214682 
0.34980310406702164 
0.6543470879055101 
0.715420813522357 
0.7164579943584453 
0.7503261785542095 
0.7797283052820665 
0.7488210297343518 
0.7972278003481991 
0.8031596273289328 
0.8116994493330068 
0.7611375438597165 
0.8116961912274455 
0.8152150630881985 
0.8184209316426303 
0.822231625605699 
0.8160318026750792 
0.8279771205927939 
0.8332635182149732 
0.7307522606387391 
0.8122635586255563 
0.834356716110054 
0.8350227911984973 
0.8343386304623258 
0.8358390865193199 
0.8347253983919816 
0.8363306698568831 
0.8366914557026259 
0.8379761019152678 
0.8254106406731122 
0.8375009913915642 
0.8383572137410176 
0.8301422544461632 
0.8387415784552255 
0.8388687265185495 
0.83947442594394 
0.8402072177861595 
0.8383836960458497 
0.8407084580086475 
0.8415780970971055 
0.8365499615075436 
0.8413618804139091 
0.8417625010840306 
0.8256737757447796 
0.8413599753226579 
0.8418925017013859 
0.8424523946547141 
0.8067910691001035 
0.8427974339762434 
0.826262601058138 
0.8434875834658997 
0.8442283829746395 
0.8447617857427795 
0.8445983618037418 
0.8450206350088096 
0.8449905908796419 
0.8452899605370141 
0.8454080250706466 
0.8461636444006084 
0.8037555780621057 
0.838586542860698 
0.8465098462812104 
0.8468108134761123 
0.8477562609162597 
0.7737835271661307 
0.8306945062231972 
0.8475825557249892 
0.8480923560921314 
0.8486736223073583 
0.8466704033035128 
0.8488509475139794 
0.8238208546222296 
0.8459142817778557 
0.8489009515501932 
0.8489438347111553 
0.8490901567453919 
0.8352064905306873 
0.8485987026992758 
0.8491751106394544 
0.8491903372310989 
0.8492508705544642 
0.8492709041823228 
0.8494281583596301 
0.84955625241468 
0.8299378276294602 
0.8483178501246775 
0.8500647767643519 
0.8503037549781025 
0.8490804274333124 
0.850461995193521 
0.8508902405396721 
0.8188277876977368 
0.8450222032249953 
0.8510118284676765 
0.8511375430630186 
0.8511662752312175 
0.8470024965307799 
0.8514669554329772 
0.1053113540898757 
0.10531135439350872 
0.15218175804968387 
0.15393613097226466 
0.17116741898214682 
0.34980310406702164 
0.6543470879055101 
0.715420813522357 
0.7164579943584453 
0.7503261785542095 
0.7797283052820665 
0.7488210297343518 
0.7972278003481991 
0.8031596273289328 
0.8116994493330068 
0.7611375438597165 
0.8116961912274455 
0.8152150630881985 
0.8184209316426303 
0.822231625605699 
0.8160318026750792 
0.8279771205927939 
0.8332635182149732 
0.7307522606387391 
0.8122635586255563 
0.834356716110054 
0.8350227911984973 
0.8343386304623258 
0.8358390865193199 
0.8347253983919816 
0.8363306698568831 
0.8366914557026259 
0.8379761019152678 
0.8254106406731122 
0.8375009913915642 
0.8383572137410176 
0.8301422544461632 
0.8387415784552255 
0.8388687265185495 
0.83947442594394 
0.8402072177861595 
0.8383836960458497 
0.8407084580086475 
0.8415780970971055 
0.8365499615075436 
0.8413618804139091 
0.8417625010840306 
0.8256737757447796 
0.8413599753226579 
0.8418925017013859 
0.8424523946547141 
0.8067910691001035 
0.8427974339762434 
0.826262601058138 
0.8434875834658997 
0.8442283829746395 
0.8447617857427795 
0.8445983618037418 
0.8450206350088096 
0.8449905908796419 
0.8452899605370141 
0.8454080250706466 
0.8461636444006084 
0.8037555780621057 
0.838586542860698 
0.8465098462812104 
0.8468108134761123 
0.8477562609162597 
0.7737835271661307 
0.8306945062231972 
0.8475825557249892 
0.8480923560921314 
0.8486736223073583 
0.8466704033035128 
0.8488509475139794 
0.8238208546222296 
0.8459142817778557 
0.8489009515501932 
0.8489438347111553 
0.8490901567453919 
0.8352064905306873 
0.8485987026992758 
0.8491751106394544 
0.8491903372310989 
0.8492508705544642 
0.8492709041823228 
0.8494281583596301 
0.84955625241468 
0.8299378276294602 
0.8483178501246775 
0.8500647767643519 
0.8503037549781025 
0.8490804274333124 
0.850461995193521 
0.8508902405396721 
0.8188277876977368 
0.8450222032249953 
0.8510118284676765 
0.8511375430630186 
0.8511662752312175 
0.8470024965307799 
0.8514669554329772 
0.14975120782430945 
0.14975120873156866 
0.15218175804968387 
0.15393613097226466 
0.17116741898214682 
0.34980310406702164 
0.6543470879055101 
0.715420813522357 
0.7164579943584453 
0.7503261785542095 
0.7797283052820665 
0.7488210297343518 
0.7972278003481991 
0.8031596273289328 
0.8116994493330068 
0.7611375438597165 
0.8116961912274455 
0.8152150630881985 
0.8184209316426303 
0.822231625605699 
0.8160318026750792 
0.8279771205927939 
0.8332635182149732 
0.7307522606387391 
0.8122635586255563 
0.834356716110054 
0.8350227911984973 
0.8343386304623258 
0.8358390865193199 
0.8347253983919816 
0.8363306698568831 
0.8366914557026259 
0.8379761019152678 
0.8254106406731122 
0.8375009913915642 
0.8383572137410176 
0.8301422544461632 
0.8387415784552255 
0.8388687265185495 
0.83947442594394 
0.8402072177861595 
0.8383836960458497 
0.8407084580086475 
0.8415780970971055 
0.8365499615075436 
0.8413618804139091 
0.8417625010840306 
0.8256737757447796 
0.8413599753226579 
0.8418925017013859 
0.8424523946547141 
0.8067910691001035 
0.8427974339762434 
0.826262601058138 
0.8434875834658997 
0.8442283829746395 
0.8447617857427795 
0.8445983618037418 
0.8450206350088096 
0.8449905908796419 
0.8452899605370141 
0.8454080250706466 
0.8461636444006084 
0.8037555780621057 
0.838586542860698 
0.8465098462812104 
0.8468108134761123 
0.8477562609162597 
0.7737835271661307 
0.8306945062231972 
0.8475825557249892 
0.8480923560921314 
0.8486736223073583 
0.8466704033035128 
0.8488509475139794 
0.8238208546222296 
0.8459142817778557 
0.8489009515501932 
0.8489438347111553 
0.8490901567453919 
0.8352064905306873 
0.8485987026992758 
0.8491751106394544 
0.8491903372310989 
0.8492508705544642 
0.8492709041823228 
0.8494281583596301 
0.84955625241468 
0.8299378276294602 
0.8483178501246775 
0.8500647767643519 
0.8503037549781025 
0.8490804274333124 
0.850461995193521 
0.8508902405396721 
0.8188277876977368 
0.8450222032249953 
0.8510118284676765 
0.8511375430630186 
0.8511662752312175 
0.8470024965307799 
0.8514669554329772 
0.16313568804059853 
0.16313568888803598 
0.15218175804968387 
0.15393613097226466 
0.17116741898214682 
0.34980310406702164 
0.6543470879055101 
0.715420813522357 
0.7164579943584453 
0.7503261785542095 
0.7797283052820665 
0.7488210297343518 
0.7972278003481991 
0.8031596273289328 
0.8116994493330068 
0.7611375438597165 
0.8116961912274455 
0.8152150630881985 
0.8184209316426303 
0.822231625605699 
0.8160318026750792 
0.8279771205927939 
0.8332635182149732 
0.7307522606387391 
0.8122635586255563 
0.834356716110054 
0.8350227911984973 
0.8343386304623258 
0.8358390865193199 
0.8347253983919816 
0.8363306698568831 
0.8366914557026259 
0.8379761019152678 
0.8254106406731122 
0.8375009913915642 
0.8383572137410176 
0.8301422544461632 
0.8387415784552255 
0.8388687265185495 
0.83947442594394 
0.8402072177861595 
0.8383836960458497 
0.8407084580086475 
0.8415780970971055 
0.8365499615075436 
0.8413618804139091 
0.8417625010840306 
0.8256737757447796 
0.8413599753226579 
0.8418925017013859 
0.8424523946547141 
0.8067910691001035 
0.8427974339762434 
0.826262601058138 
0.8434875834658997 
0.8442283829746395 
0.8447617857427795 
0.8445983618037418 
0.8450206350088096 
0.8449905908796419 
0.8452899605370141 
0.8454080250706466 
0.8461636444006084 
0.8037555780621057 
0.838586542860698 
0.8465098462812104 
0.8468108134761123 
0.8477562609162597 
0.7737835271661307 
0.8306945062231972 
0.8475825557249892 
0.8480923560921314 
0.8486736223073583 
0.8466704033035128 
0.8488509475139794 
0.8238208546222296 
0.8459142817778557 
0.8489009515501932 
0.8489438347111553 
0.8490901567453919 
0.8352064905306873 
0.8485987026992758 
0.8491751106394544 
0.8491903372310989 
0.8492508705544642 
0.8492709041823228 
0.8494281583596301 
0.84955625241468 
0.8299378276294602 
0.8483178501246775 
0.8500647767643519 
0.8503037549781025 
0.8490804274333124 
0.850461995193521 
0.8508902405396721 
0.8188277876977368 
0.8450222032249953 
0.8510118284676765 
0.8511375430630186 
0.8511662752312175 
0.8470024965307799 
0.8514669554329772 
0.16788696810609163 
0.1678869705839408 
0.17186693327843178 
0.17199175007031675 
0.17323875780844022 
0.19101229795373892 
0.39931565246263845 
0.7433185943721969 
0.6594393816364262 
0.8639704754455901 
0.9138570385917885 
1.004278310450152 
0.30746281885151894 
0.6593410505259508 
1.0286308841156893 
1.066581493817263 
1.0620233812664943 
1.0846196503614616 
0.9465793325049942 
1.0857700417412035 
1.06631350294016 
1.0954001406167584 
1.0973917494275225 
1.1035881423835483 
1.089929189314405 
1.1050434908520217 
1.1062341063415808 
1.108076117635479 
1.1100386549806314 
1.1122280409828784 
1.0714574244889064 
1.105266366823105 
1.1133134185237408 
1.114153755255087 
1.1171724039374853 
1.104612793020873 
1.118859046090793 
1.1157058328613483 
1.1197233308583043 
1.1201960559932451 
1.121718106713848 
1.1241938646222538 
1.0991829883432929 
1.119490598707972 
1.1244795589905805 
1.124731175026365 
1.1254437573137281 
1.1258110788979778 
1.1027743453568477 
1.1260457701333326 
1.1271636552256727 
1.1276569419190632 
1.1281328030232243 
1.1269319098779245 
0.1512430744426763 
0.1512430776066523 
0.1674932663798447 
0.168003907055894 
0.17308950957507183 
0.24205761280494273 
0.638956440876924 
0.6600302948948502 
0.8136783759733127 
0.8600632724757437 
1.0040373108542089 
1.0127942712702844 
1.0289824643476575 
0.902822352314885 
1.0307706619710826 
1.0386459614637662 
1.0452423610174821 
1.0472147444965165 
1.0593591916551754 
1.0429082744736966 
1.066905198200768 
0.8878632821477002 
1.0524061648225933 
1.0697141717926018 
1.0716553166299803 
1.0789219069583262 
1.025118319485633 
1.0758917370381333 
1.0806247688629034 
1.0817495994150392 
1.0858774953844423 
1.0391672557148626 
1.0772326838487656 
1.0865537887017045 
1.0872355977427568 
1.0893183724806847 
1.023655605672539 
1.0774990170502505 
1.0899780397116292 
1.0903032987541121 
1.0911835004855133 
1.0866967394797924 
1.0913139494724644 
1.0903169027728163 
1.0916544188976787 
1.0921127256690148 
1.0925385618679904 
1.0883379342379151 
1.092763308228944 
1.092861445369594 
1.0929234411677657 
1.0930673969291347 
0.16352109969005024 
0.16352110133657655 
0.1563694914018221 
0.15636949226382962 
0.13564972507182163 
0.13564972545315207 
0.19130276379295946 
0.19130276513750696 
0.15972226703171485 
0.15972226949667298 
0.14185818462735647 
0.14185818835402977 
0.1564176410194379 
0.15641764277917275 
0.17551680675219872 
0.17551680994191982 
0.15087723825247423 
0.15087724169974523 
0.15231037433440398 
0.15231037704464911 
0.16110922250127704 
0.1611092253278429 
0.1457282275911147 
0.14572822926957704 
0.15792677207776673 
0.15792677562680024 
0.02218826143644109 
0.022188261890762517 
0.16460052284020488 
0.16460052284020488 
0.155598949193404 
0.15559895293261955 
0.17387691713556974 
0.16502142762399774 
0.1671874140866176 
0.16785336562066186 
0.16785336921077829 
0.17235999523420195 
0.17235999844365799 
0.149244013802192 
0.14924401543616472 
0.1769989514351048 
0.1769989533284192 
0.16867693520081048 
0.168676938511066 
0.17269592015005014 
0.17269592366822809 
0.183655677563346 
0.18365567988274287 
0.16054850989663172 
0.16054851319907534 
0.16918331072975776 
0.16918331261786634 
0.15007961647918067 
0.1500796196405177 
0.15004312535270548 
0.15004312901368955 
0.15988106694640794 
0.1598810696952472 
0.15278197232816548 
0.1527819755718529 
0.1464719208580793 
0.14647192434713535 
0.1341352535774354 
0.1341352562585513 
0.15779743339959526 
0.15779743696761103 
0.17160694013889322 
0.17160694352983338 
0.18546852749677933 
0.1854685303042521 
0.17080483297261367 
0.17080483569588387 
0.15197900116254087 
0.15197900455198393 
0.1464050234467984 
0.1464050274743987 
0.18052707414969688 
0.18052707812654123 
0.14900029449554247 
0.14900029759647287 
0.16883469158476022 
0.1688346942752026 
0.14978025990921845 
0.1497802643989359 
0.16866575042945875 
0.1686657535207232 
0.15839316180575166 
0.15839316572202947 
0.16122653681370203 
0.1612265397175699 
0.1760125422650436 
0.17601254555240703 
0.16775523390907993 
0.1677552368846385 
0.15950018106638758 
0.15950018483498002 
0.1642025075312209 
0.16420251081869625 
0.15280048233987742 
0.15280048549207223 
0.15203708763704762 
0.15203709139503374 
0.17390691104438152 
0.17390691462316138 
0.1529602587154761 
0.1529602614846744 
0.17228381673499443 
0.17228382032926584 
0.16911216912138938 
0.16911217200073886 
0.17525704911495435 
0.17525705154697105 
0.1670492450363609 
0.16704924919455752 
0.19579044823605501 
0.19579045091122765 
0.1615950959266661 
0.16159509774592595 
0.14205565125021583 
0.14205565395435774 
0.13840007276542632 
0.13840007638079516 
0.17557090500826614 
0.17557090904130412 
0.14758938600889573 
0.14758938949183384 
0.16516968358579837 
0.16516968645318975 
0.1574887083892459 
0.15748871143917192 
0.15562403049014334 
0.15562403344329306 
0.15757335217595558 
0.15757335445789133 
0.15559074323067393 
0.15559074665987202 
0.1493556001687364 
0.14935560252341284 
0.1683421765271215 
0.16834218023941708 
0.15855998708407226 
0.1585599902703854 
4.189378274498326 
4.1893784363502125 
3.9214350362933956 
3.9214352435342903 
3.6483322387413484 
3.6483324257139857 
17.22716898999408 
17.227170197046192 
24.09907868635521 
24.099080255913435 
37.41202105075443 
37.412023730609626 
22.76532644074761 
22.765328596090246 
13.60699698138477 
13.606998126310952 
20.309643515978248 
91.12239339505913 
698.7753318251221 
83.45282430226983 
216.89075481695025 
629.5939997470591 
982.8429941403899 
1130.5687832975177 
1458.950510875255 
277.18535662361296 
1133.701948229031 
1553.0243560561403 
1554.7373179940334 
1561.4096394059518 
1702.316113466232 
1540.4371015859922 
1754.9577481403576 
1750.1364010426807 
1795.7586073441414 
1213.3056273463192 
1741.2073046998967 
1819.1339137050913 
1860.229019365628 
1448.677230256488 
1824.5534657281862 
1872.591170688317 
1881.3903408395502 
1613.6388430270433 
1886.4073656470791 
1907.4977208868816 
1913.0986009704998 
1903.016153825563 
1922.3039393762183 
1924.6334767492663 
1933.3105227857632 
1659.0712405411668 
1926.0938710976172 
1937.9992132834323 
1951.0861095995583 
1777.257054164251 
1943.1941606256403 
1958.1790891042335 
1966.805668055167 
1880.538171967951 
1966.0824044179974 
1973.2783075772809 
1975.9817983267776 
1981.6273776572043 
1588.1123434491667 
1825.5001334532542 
14.77706484291181 
14.777066268569781 
20.309643515978248 
91.12239339505913 
698.7753318251221 
83.45282430226983 
216.89075481695025 
629.5939997470591 
982.8429941403899 
1130.5687832975177 
1458.950510875255 
277.18535662361296 
1133.701948229031 
1553.0243560561403 
1554.7373179940334 
1561.4096394059518 
1702.316113466232 
1540.4371015859922 
1754.9577481403576 
1750.1364010426807 
1795.7586073441414 
1213.3056273463192 
1741.2073046998967 
1819.1339137050913 
1860.229019365628 
1448.677230256488 
1824.5534657281862 
1872.591170688317 
1881.3903408395502 
1613.6388430270433 
1886.4073656470791 
1907.4977208868816 
1913.0986009704998 
1903.016153825563 
1922.3039393762183 
1924.6334767492663 
1933.3105227857632 
1659.0712405411668 
1926.0938710976172 
1937.9992132834323 
1951.0861095995583 
1777.257054164251 
1943.1941606256403 
1958.1790891042335 
1966.805668055167 
1880.538171967951 
1966.0824044179974 
1973.2783075772809 
1975.9817983267776 
1981.6273776572043 
1588.1123434491667 
1825.5001334532542 
